2012 12 23 1            85221          
2012 12 23 1            193522         
2012 12 23 1            79384          
2012 12 23 1            70             
2012 12 23 11           61504          
2012 12 23 11           4              
2012 12 23 1            28120          
2012 12 23 2            38108          
2012 12 23 3            38096          
2012 12 23 4            98090          
2012 12 23 5            28076          
2012 12 23 6            11657          
2012 12 23 7            36970          
2012 12 23 8            36958          
2012 12 23 9            36954          
2012 12 23 9            4              
2012 12 23 10           36952          
2012 12 24 aaa          35352          
2012 12 24 aaa          272            
2012 12 24 aaa          14             
2013 02 02 knh21c       218722         
2014 10 30 1            85126524       
2015 01 25 kim          193618         
