1            1                 1234   123-1234-1234     0         
2            2                 2222   22-2222-2222      0         
3            3                 3333   333333333         0         
4            4                 4444   44444444444       0         
5            5                 5555   555555555555      0         
6            6                 6666   666666666666      0         
7            7                 7777   7777777777        0         
8            8                 8888   8888888888        0         
9            9                 9999   9999999           0         
19           19                1919   1919191919        0         
0            0                 0      0                 0         
0            0                 0      0                 0         
12           12                1212   1212121212        0         
13           13                1313   1313131313        0         
14           14                1414   141414141414      0         
15           15                1515   1515151515        0         
16           16                1616   16161616          0         
17           17                1717   1717171717        0         
18           18                1818   1818181818        0         
0            0                 0      0                 0         
knh21c       percswhpre1       1234   010-9442-4271     0         
0            0                 0      0                 0         
knh          8685              1234   01011111111       0         
kim          8685              1234   010-9442-4271     0         
123          123               1234   123-1231-1231     0         
