0     0 0 0 1356254817     
0     0 0 1 1356254933     
0     0 0 0 1356255041     
0     0 4 6 1356255071     
0     0 0 0 1356270678     
0     0 0 1 1356270692     
0     0 0 2 1356270706     
0     1 0 0 1356270719     
0     0 0 3 1356270745     
0     0 1 0 1356271309     
0     0 0 4 1356271331     
0     0 0 5 1356271346     
0     2 0 0 1356271360     
0     2 0 1 1356271382     
0     2 0 2 1356271402     
0     0 1 1 1356272207     
0     0 0 0 1356272344     
0     0 0 2 1356283497     
0     0 0 1 1356288041     
0     0 0 1 1356288196     
0     0 2 3 1359780486     
22    1 0 0 1372090993     
0     1 0 1 1372091269     
23    1 0 2 1391756979     
0     0 0 0 1422194722     
24    0 0 0 1422194804     
